63 0.26322115384615385 0.17307692307692307 0.5264423076923077 0.34615384615384615
59 0.7632211538461539 0.17307692307692307 0.46875 0.34615384615384615
76 0.453125 0.8137019230769231 0.09615384615384616 0.09735576923076923
103 0.39903846153846156 0.8365384615384616 0.09134615384615384 0.09495192307692307
95 0.07932692307692307 0.453125 0.09014423076923077 0.09375
121 0.16706730769230768 0.48197115384615385 0.09375 0.09014423076923077
49 0.12139423076923077 0.5456730769230769 0.09495192307692307 0.08173076923076923
25 0.1141826923076923 0.5865384615384616 0.09134615384615384 0.08173076923076923
37 0.984375 0.8822115384615384 0.026442307692307692 0.09615384615384616
124 0.9459134615384616 0.9362980769230769 0.0889423076923077 0.08774038461538461
45 0.9002403846153846 0.9699519230769231 0.09375 0.055288461538461536
147 0.5865384615384616 0.37259615384615385 0.09615384615384616 0.04807692307692308
136 0.5745192307692307 0.5745192307692307 0.09134615384615384 0.10576923076923077
95 0.9086538461538461 0.6610576923076923 0.09014423076923077 0.09615384615384616
162 0.8533653846153846 0.71875 0.08052884615384616 0.08173076923076923