73 0.23317307692307693 0.18269230769230768 0.46634615384615385 0.36538461538461536
47 0.7331730769230769 0.18269230769230768 0.5288461538461539 0.36538461538461536
68 0.125 0.8677884615384616 0.09375 0.08774038461538461
31 0.4483173076923077 0.953125 0.036057692307692304 0.0889423076923077
140 0.11778846153846154 0.38822115384615385 0.09615384615384616 0.040865384615384616
50 0.15745192307692307 0.7584134615384616 0.09134615384615384 0.09375
110 0.21754807692307693 0.8245192307692307 0.09495192307692307 0.09735576923076923
45 0.08653846153846154 0.8317307692307693 0.09014423076923077 0.08653846153846154
68 0.8125 0.7572115384615384 0.09375 0.08774038461538461
56 0.5985576923076923 0.859375 0.09134615384615384 0.09735576923076923
50 0.8449519230769231 0.6478365384615384 0.09134615384615384 0.09375
110 0.9050480769230769 0.7139423076923077 0.09495192307692307 0.09735576923076923
45 0.7740384615384616 0.7211538461538461 0.09014423076923077 0.08653846153846154