34 0.2548076923076923 0.046875 0.11057692307692307 0.09375
3 0.171875 0.078125 0.109375 0.10096153846153846
162 0.41346153846153844 0.4675480769230769 0.11899038461538461 0.1141826923076923
50 0.8557692307692307 0.3245192307692308 0.078125 0.07932692307692307
147 0.9879807692307693 0.4050480769230769 0.019230769230769232 0.0889423076923077
144 0.9711538461538461 0.0625 0.052884615384615384 0.09615384615384616
125 0.8317307692307693 0.3016826923076923 0.0829326923076923 0.0829326923076923
38 0.5913461538461539 0.3137019230769231 0.02403846153846154 0.08413461538461539
68 0.22355769230769232 0.9423076923076923 0.09375 0.08774038461538461
50 0.25600961538461536 0.8329326923076923 0.09134615384615384 0.09375
110 0.3161057692307692 0.8990384615384616 0.09495192307692307 0.09735576923076923
45 0.18509615384615385 0.90625 0.09014423076923077 0.08653846153846154
144 0.7884615384615384 0.7728365384615384 0.4182692307692308 0.4495192307692308