79 0.2704326923076923 0.3485576923076923 0.11298076923076923 0.10096153846153846
30 0.40625 0.41586538461538464 0.0625 0.04326923076923077
37 0.9338942307692307 0.18870192307692307 0.09134615384615384 0.09375
124 0.8617788461538461 0.2439903846153846 0.0889423076923077 0.08774038461538461
45 0.8161057692307693 0.29447115384615385 0.09014423076923077 0.08774038461538461
95 0.8245192307692307 0.009615384615384616 0.09134615384615384 0.019230769230769232
162 0.7692307692307693 0.03485576923076923 0.08173076923076923 0.06971153846153846
59 0.21875 0.71875 0.4375 0.5576923076923077
110 0.5192307692307693 0.984375 0.09134615384615384 0.026442307692307692
50 0.7091346153846154 0.7620192307692307 0.0985576923076923 0.0985576923076923
40 0.8762019230769231 0.8461538461538461 0.10336538461538461 0.09975961538461539
55 0.7716346153846154 0.9555288461538461 0.10096153846153846 0.08413461538461539